int
0
1
2
3
4
5
6
608
768
769
608
768
769
0
0
0
1
2
3
4
5
768
0
769
0
0
0
0
0
0
0
1
2
3
4
5
768
0
769
0
0
0
0
0
0
0
1
608
768
769
0
0
0
0
0
0
0
0
0
0
0
1
2
608
0
608
0
0
0
0
0
0
0
0
0
0
1
2
608
769
0
608
769
0
0
0
0
0
0
0
0
1
608
768
769
0
0
0
0
0
0
0
0
0
0
0
1
2
608
769
0
608
769
0
0
0
0
0
0
0
0
1
2
3
608
0
0
0
0
0
0
0
0
0
0
0
1
608
768
769
0
0
0
0
0
0
0
0
0
0
0
1
2
3
4
608
0
0
0
0
0
0
0
0
0
0
1
2
608
768
1
608
768
0
0
0
0
0
0
0
0
1
2
768
769
0
1
608
0
0
0
0
0
0
0
0
1
2
3
4
5
6
768
769
1
768
769
0
0
0
0
1
2
3
4
5
6
7
608
768
769
0
1
608
768
769
0
0
0
0
1
2
608
768
769
1
608
768
769
0
0
0
0
0
0
0
0
608
768
769
0
608
768
769
0
0
0
0
0
0
0
0
0
0
1
2
608
768
769
1
608
768
769
0
0
0
0
0
0
0
0
0
1
608
768
769
0
0
0
0
0
0
0
0
0
0
0
1
2
608
768
1
608
768
0
0
0
0
0
0
0
0
1
2
3
608
0
0
0
0
0
0
0
0
0
0
0
1
2
608
768
769
1
608
768
769
0
0
0
0
0
0
0
0
1
2
608
768
769
1
608
768
769
0
0
0
0
0
0
0
0
0
608
768
769
0
608
768
769
0
0
0
0
0
0
0
0
0
0
1
2
768
769
0
608
0
608
0
0
0
0
0
0
0
1
2
3
4
5
6
7
608
768
769
0
1
608
768
769
0
0
0
0
1
2
3
4
5
6
768
769
1
768
769
0
0
0
0
1
2
3
4
5
6
768
769
1
768
769
0
0
0
