int
0
0
0
0
0
0
0
0
0
0
0
0
0
0
0
0
0
0
0
0
0
0
0
0
0
0
0
0
0
0
0
0
0
0
0
0
0
0
0
0
0
0
0
0
0
0
1
2
3
4
5
6
7
8
608
0
769
0
0
0
0
1
2
3
4
5
6
7
8
9
769
0
769
0
0
0
1
2
3
4
5
6
7
8
608
769
0
608
769
0
0
1
2
3
4
5
6
7
8
9
0
769
0
0
0
0
1
2
3
4
5
6
7
8
608
769
0
608
769
0
0
1
2
3
4
5
6
7
8
9
769
0
769
0
0
0
1
2
3
4
5
6
7
8
9
0
768
0
0
0
0
1
2
3
4
5
6
7
8
9
768
769
1
768
0
0
1
2
3
4
5
6
7
608
768
769
0
0
0
0
0
1
2
3
4
5
6
7
8
9
768
769
1
768
769
0
1
2
3
4
5
6
7
8
9
10
11
12
768
769
0
1
2
3
4
5
6
7
8
9
10
608
768
769
0
1
608
768
769
0
1
2
3
4
5
6
7
8
608
768
769
1
608
768
769
0
0
1
2
3
4
5
608
768
769
0
1
608
768
769
0
0
0
0
1
2
3
4
5
6
7
8
608
768
769
0
0
0
0
0
0
0
1
2
3
4
5
6
7
8
9
0
768
0
0
0
0
1
2
3
4
5
6
7
608
768
769
0
0
0
0
0
1
2
3
4
5
6
7
8
9
768
769
1
768
0
0
1
2
3
4
5
6
7
8
608
768
769
1
608
768
769
0
0
1
2
3
4
5
6
7
8
608
768
769
0
0
0
0
0
0
0
1
2
3
4
5
608
768
769
0
1
608
768
769
0
0
0
0
1
2
3
4
5
6
7
8
9
768
769
1
768
769
0
1
2
3
4
5
6
7
8
9
10
608
768
769
0
1
608
768
769
0
1
2
3
4
5
6
7
8
9
10
11
12
768
769
0
1
2
3
4
5
6
7
8
9
10
11
12
768
769
