int
0
0
0
0
0
0
0
0
0
0
0
0
0
0
0
0
0
0
0
0
0
0
0
0
0
0
0
0
0
0
0
0
0
0
0
0
0
0
0
0
0
0
0
0
0
0
1
2
3
4
5
6
7
8
9
10
11
12
0
0
0
1
2
3
4
5
6
7
8
9
10
11
0
1
0
0
1
2
3
4
5
6
7
8
608
768
769
0
0
0
0
1
2
3
4
5
6
7
8
9
10
11
12
0
608
0
1
2
3
4
5
6
7
8
608
768
769
0
0
0
0
1
2
3
4
5
6
7
8
9
10
11
0
1
608
0
1
2
3
4
5
6
7
8
9
10
11
12
0
608
0
1
2
3
4
5
6
7
8
9
10
768
769
0
1
0
1
2
3
4
5
6
7
8
608
768
769
0
0
0
0
0
0
0
0
0
0
0
0
0
0
0
0
0
0
0
0
0
0
0
0
0
0
0
0
0
0
0
0
0
0
0
0
0
0
0
0
0
0
0
0
0
0
0
0
0
0
0
0
0
1
2
3
4
5
6
7
8
9
608
768
769
1
608
768
769
0
1
2
3
4
5
6
7
8
9
608
768
769
0
608
768
769
0
1
2
3
4
5
6
7
8
9
608
768
769
0
0
0
0
0
0
1
2
3
4
5
6
7
8
9
10
11
12
608
0
0
1
2
3
4
5
6
7
8
608
768
769
0
0
0
0
1
2
3
4
5
6
7
8
9
10
768
769
0
1
0
1
2
3
4
5
6
7
8
9
608
768
769
1
608
768
769
0
1
2
3
4
5
6
7
8
9
608
768
769
0
0
0
0
0
0
1
2
3
4
5
6
7
8
9
608
768
769
0
608
768
769
0
0
0
0
0
0
0
0
0
0
0
0
0
0
0
0
0
0
0
0
0
0
0
0
0
0
0
0
0
0
0
0
0
0
0
0
0
0
0
0
0
0
0
0
0
0
0
0
0
0
0
0
0
0
0
0
0
0
0
0
0
0
0
0
