int
0
1
2
3
4
5
6
7
8
608
768
769
608
768
769
0
1
2
3
4
5
6
7
8
9
768
769
0
1
0
0
1
2
3
4
5
6
7
8
9
608
768
0
1
0
0
1
2
3
4
5
6
7
8
0
0
0
0
0
0
0
1
2
3
4
5
6
769
0
769
0
0
0
0
0
0
1
2
3
4
5
6
608
768
769
0
0
0
0
0
0
1
2
3
4
5
6
7
8
0
0
0
0
0
0
0
1
2
3
4
5
6
608
768
769
0
0
0
0
0
0
1
2
3
4
5
6
769
0
769
0
0
0
0
0
0
1
2
3
4
5
6
7
8
0
0
0
0
0
0
0
1
2
3
4
5
6
7
768
768
769
0
0
0
0
0
1
2
3
4
5
608
768
769
0
0
0
0
0
0
0
1
2
3
4
5
6
7
8
768
769
1
768
769
0
0
1
2
3
4
5
6
7
8
768
769
1
768
769
0
0
1
2
3
4
5
6
7
8
9
608
768
769
0
1
608
768
769
0
0
0
0
0
0
0
0
0
0
0
0
0
0
0
0
0
0
0
1
2
3
608
768
769
0
1
608
768
769
0
0
0
0
0
0
1
2
3
4
5
608
768
769
0
0
0
0
0
0
0
0
0
0
1
2
3
4
5
6
7
8
0
0
0
0
0
0
0
1
2
3
4
5
608
768
769
0
0
0
0
0
0
0
1
2
3
4
5
6
7
768
768
769
0
0
0
0
0
0
0
0
0
0
0
0
0
0
0
0
0
0
0
0
0
0
1
2
3
4
5
608
768
769
0
0
0
0
0
0
0
0
0
0
1
2
3
608
768
769
0
1
608
768
769
0
0
0
0
0
0
1
2
3
4
5
6
7
8
768
769
608
768
769
0
0
1
2
3
4
5
6
7
8
9
608
768
769
0
1
608
768
769
0
0
1
2
3
4
5
6
7
8
768
769
1
768
769
0
0
1
2
3
4
5
6
7
8
768
769
1
768
769
0
