int
0
1
2
3
4
5
6
7
608
768
769
608
768
769
0
0
1
2
3
4
5
6
7
8
608
768
608
769
0
0
0
1
2
3
4
5
6
7
8
608
769
768
769
0
0
0
1
2
3
4
768
769
0
0
0
0
0
0
0
0
0
1
2
3
4
768
769
768
769
0
0
0
0
0
0
0
1
2
3
4
608
769
0
1
0
0
0
0
0
0
0
1
2
3
4
768
769
0
0
0
0
0
0
0
0
0
1
2
3
4
608
769
0
1
0
0
0
0
0
0
0
1
2
3
4
768
769
768
769
0
0
0
0
0
0
0
1
2
3
4
768
769
0
0
0
0
0
0
0
0
0
1
2
3
4
5
6
768
1
768
0
0
0
0
0
0
1
2
3
4
608
768
1
608
768
0
0
0
0
0
0
1
2
3
4
5
6
7
768
769
608
768
769
0
0
0
1
2
3
4
5
6
7
768
769
0
768
769
0
0
0
1
2
3
4
5
6
7
8
608
768
769
0
1
608
768
769
0
0
0
1
2
3
608
768
769
1
608
768
769
0
0
0
0
0
0
0
1
2
608
768
769
0
1
608
768
769
0
0
0
0
0
0
0
1
2
3
608
768
769
1
608
768
769
0
0
0
0
0
0
0
0
1
2
3
4
768
769
0
0
0
0
0
0
0
0
0
1
2
3
4
608
768
1
608
768
0
0
0
0
0
0
1
2
3
4
5
6
768
1
768
0
0
0
0
0
0
1
2
3
608
768
769
1
608
768
769
0
0
0
0
0
0
0
1
2
3
608
768
769
1
608
768
769
0
0
0
0
0
0
0
0
1
2
608
768
769
0
1
608
768
769
0
0
0
0
0
0
0
1
2
3
4
5
6
7
768
769
1
768
769
0
0
0
1
2
3
4
5
6
7
8
608
768
769
0
1
608
768
769
0
0
0
1
2
3
4
5
6
7
768
769
0
768
769
0
0
0
1
2
3
4
5
6
7
768
769
0
768
769
0
0
