int
0
25
50
75
100
125
150
175
200
225
250
275
300
325
350
375
400
425
450
475
500
525
550
575
600
625
650
675
700
725
750
775
800
825
850
875
900
925
950
975
1000
1025
1050
1075
1100
1125
1150
1175
1200
1225
1250
1275
1300
1325
1350
1375
1400
1425
1450
1475
1500
1525
1550
1575
1600
1625
1650
1675
1700
1725
1750
1775
1802
1829
1854
1879
1906
1933
1958
1983
2008
2033
2058
2083
2108
2133
2158
2183
2208
2233
2258
2283
2308
2333
2358
2383
2408
2433
2458
2483
2508
2533
2558
2583
2608
2633
2658
2683
2708
2733
2758
2783
2808
2833
2858
2883
2908
2933
2958
2983
3008
3033
3058
3083
3112
3141
3166
3191
3220
3249
