int
0
1
1
2
3
15
4
1
1
5
6
15
4
1
1
5
6
15
7
8
8
9
10
15
11
12
12
13
14
15
15
15
15
15
15
15
0
1
1
2
3
15
4
1
1
5
6
15
4
1
1
5
6
15
7
8
8
9
10
15
11
12
12
13
14
15
15
15
15
15
15
15
0
16
16
17
18
28
4
19
19
20
21
28
4
19
19
20
21
28
7
22
22
23
24
28
11
25
25
26
27
28
28
28
28
28
28
28
0
29
29
30
31
41
4
32
32
33
34
41
4
32
32
33
34
41
7
35
35
36
37
41
11
38
38
39
40
41
41
41
41
41
41
41
0
1
1
2
3
15
1
1
1
42
43
15
1
1
1
42
43
15
44
45
45
46
47
15
48
49
49
50
51
15
15
15
15
15
15
15
0
1
1
2
3
15
1
1
1
42
43
15
1
1
1
42
43
15
44
45
45
46
47
15
48
49
49
50
51
15
15
15
15
15
15
15
0
16
16
17
18
64
52
53
53
54
55
64
52
53
53
54
55
64
56
57
57
58
59
64
60
61
61
62
63
64
64
64
64
64
64
64
0
29
29
30
31
77
65
66
66
67
68
77
65
66
66
67
68
77
69
70
70
71
72
77
73
74
74
75
76
77
77
77
77
77
77
77
78
79
79
80
81
93
82
79
79
83
84
93
82
79
79
83
84
93
85
86
86
87
88
93
89
90
90
91
92
93
93
93
93
93
93
93
78
79
79
80
81
93
82
79
79
83
84
93
82
79
79
83
84
93
85
86
86
87
88
93
89
90
90
91
92
93
93
93
93
93
93
93
78
16
16
17
18
28
82
19
19
20
21
28
82
19
19
20
21
28
85
22
22
23
24
28
89
25
25
26
27
28
28
28
28
28
28
28
78
94
94
95
96
106
82
97
97
98
99
106
82
97
97
98
99
106
85
100
100
101
102
106
89
103
103
104
105
106
106
106
106
106
106
106
78
79
79
80
81
93
79
79
79
107
108
93
79
79
79
107
108
93
109
110
110
111
112
93
113
114
114
115
116
93
93
93
93
93
93
93
78
79
79
80
81
93
79
79
79
107
108
93
79
79
79
107
108
93
109
110
110
111
112
93
113
114
114
115
116
93
93
93
93
93
93
93
78
16
16
17
18
64
52
53
53
54
55
64
52
53
53
54
55
64
56
57
57
58
59
64
60
61
61
62
63
64
64
64
64
64
64
64
78
94
94
95
96
129
117
118
118
119
120
129
117
118
118
119
120
129
121
122
122
123
124
129
125
126
126
127
128
129
129
129
129
129
129
129
