int
2060
2056
2052
2048
3593
3589
3585
2077
2073
2069
2065
3622
3618
3614
3610
3606
3602
3598
3859
3647
3643
3639
3635
3631
7723
2060
2056
2052
2048
3593
3589
3585
2077
2073
2069
2065
3622
3618
3614
3610
3606
3602
3598
3859
3647
3643
3639
3635
3631
7723
2060
2056
2052
2048
3593
3589
3585
2077
2073
2069
2065
3622
3618
3614
3610
3606
3602
3598
3859
3647
3643
3639
3635
3631
7723
2060
2056
2052
2048
3593
3589
3585
2077
2073
2069
2065
3622
3618
3614
3610
3606
3602
3598
3859
3647
3643
3639
3635
3631
7723
2060
2056
2052
2048
3593
3589
3585
2077
2073
2069
2065
3622
3618
3614
3610
3606
3602
3598
3859
3647
3643
3639
3635
3631
7723
2060
2056
2052
2048
3593
3589
3585
2077
2073
2069
2065
3622
3618
3614
3610
3606
3602
3598
3859
3647
3643
3639
3635
3631
7723
2060
2056
2052
2048
3593
3589
3585
2077
2073
2069
2065
3622
3618
3614
3610
3606
3602
3598
3859
3647
3643
3639
3635
3631
7723
2060
2056
2052
2048
3593
3589
3585
2077
2073
2069
2065
3622
3618
3614
3610
3606
3602
3598
3859
3647
3643
3639
3635
3631
7723
2060
2056
2052
2048
3593
3589
3585
2077
2073
2069
2065
3622
3618
3614
3610
3606
3602
3598
3859
3647
3643
3639
3635
3631
7723
2060
2056
2052
2048
3593
3589
3585
2077
2073
2069
2065
3622
3618
3614
3610
3606
3602
3598
3859
3647
3643
3639
3635
3631
7723
2060
2056
2052
2048
3593
3589
3585
2077
2073
2069
2065
3622
3618
3614
3610
3606
3602
3598
3859
3647
3643
3639
3635
3631
7723
2060
2056
2052
2048
3593
3589
3585
2077
2073
2069
2065
3622
3618
3614
3610
3606
3602
3598
3859
3647
3643
3639
3635
3631
7723
2060
2056
2052
2048
3593
3589
3585
2077
2073
2069
2065
3622
3618
3614
3610
3606
3602
3598
3859
3647
3643
3639
3635
3631
7723
2060
2056
2052
2048
3593
3589
3585
2077
2073
2069
2065
3622
3618
3614
3610
3606
3602
3598
3859
3647
3643
3639
3635
3631
7723
2060
2056
2052
2048
3593
3589
3585
2077
2073
2069
2065
3622
3618
3614
3610
3606
3602
3598
3859
3647
3643
3639
3635
3631
7723
2060
2056
2052
2048
3593
3589
3585
2077
2073
2069
2065
3622
3618
3614
3610
3606
3602
3598
3859
3647
3643
3639
3635
3631
7723
2060
2056
2052
2048
3593
3589
3585
2077
2073
2069
2065
3622
3618
3614
3610
3606
3602
3598
3859
3647
3643
3639
3635
3631
7723
2076
2072
2068
2064
2060
2052
3621
3617
3613
3601
3597
3593
3589
3585
3858
2059
2050
3647
3610
3643
3606
3639
3635
3631
7723
2076
2072
2068
2064
2060
2052
3621
3617
3609
3605
3597
3593
3589
3585
3858
3603
3614
3647
2050
3643
2058
3639
3635
3631
7723
2060
2056
2052
2048
3593
3589
3585
2077
2073
2069
2065
3622
3618
3614
3610
3606
3602
3598
3859
3647
3643
3639
3635
3631
7723
2076
2072
2068
2064
2060
2052
3621
3617
3613
3601
3597
3593
3589
3585
3858
2059
2050
3647
3610
3643
3606
3639
3635
3631
7723
2076
2072
2068
2064
2060
2052
3621
3617
3609
3605
3597
3593
3589
3585
3858
3603
3614
3647
2050
3643
2058
3639
3635
3631
7723
2060
2056
2052
2048
3593
3589
3585
2077
2073
2069
2065
3622
3618
3614
3610
3606
3602
3598
3859
3647
3643
3639
3635
3631
7723
2076
2072
2068
2064
2060
2052
3621
3617
3613
3601
3597
3593
3589
3585
3858
2059
2050
3647
3610
3643
3606
3639
3635
3631
7723
2076
2072
2068
2064
2060
2052
3621
3617
3609
3605
3597
3593
3589
3585
3858
3603
3614
3647
2050
3643
2058
3639
3635
3631
7723
2060
2056
2052
2048
3593
3589
3585
2077
2073
2069
2065
3622
3618
3614
3610
3606
3602
3598
3859
3647
3643
3639
3635
3631
7723
2076
2072
2068
2064
2060
2052
3621
3617
3613
3601
3597
3593
3589
3585
3858
2059
2050
3647
3610
3643
3606
3639
3635
3631
7723
2076
2072
2068
2064
2060
2052
3621
3617
3609
3605
3597
3593
3589
3585
3858
3603
3614
3647
2050
3643
2058
3639
3635
3631
7723
2060
2056
2052
2048
3593
3589
3585
2077
2073
2069
2065
3622
3618
3614
3610
3606
3602
3598
3859
3647
3643
3639
3635
3631
7723
2060
2056
2052
2048
3593
3589
3585
2077
2073
2069
2065
3622
3618
3614
3610
3606
3602
3598
3859
3647
3643
3639
3635
3631
7723
2076
2072
2060
2052
3637
3633
3629
3625
3621
3617
3613
3601
3593
3589
3858
3599
2050
2071
3610
2067
3606
3587
2058
3647
7739
2076
2072
2060
2052
3637
3633
3629
3625
3621
3617
3609
3605
3597
3585
3858
2071
3614
3595
2050
3591
2058
2067
3602
3647
7739
2060
2056
2052
2048
3593
3589
3585
2077
2073
2069
2065
3622
3618
3614
3610
3606
3602
3598
3859
3647
3643
3639
3635
3631
7723
2076
2072
2060
2052
3637
3633
3629
3625
3621
3617
3613
3601
3593
3589
3858
3599
2050
2071
3610
2067
3606
3587
2058
3647
7739
2076
2072
2060
2052
3637
3633
3629
3625
3621
3617
3609
3605
3597
3585
3858
2071
3614
3595
2050
3591
2058
2067
3602
3647
7739
2060
2056
2052
2048
3593
3589
3585
2077
2073
2069
2065
3622
3618
3614
3610
3606
3602
3598
3859
3647
3643
3639
3635
3631
7723
2076
2072
2060
2052
3637
3633
3629
3625
3621
3617
3613
3601
3593
3589
3858
3599
2050
2071
3610
2067
3606
3587
2058
3647
7739
2076
2072
2060
2052
3637
3633
3629
3625
3621
3617
3609
3605
3597
3585
3858
2071
3614
3595
2050
3591
2058
2067
3602
3647
7739
2060
2056
2052
2048
3593
3589
3585
2077
2073
2069
2065
3622
3618
3614
3610
3606
3602
3598
3859
3647
3643
3639
3635
3631
7723
2076
2072
2060
2052
3637
3633
3629
3625
3621
3617
3613
3601
3593
3589
3858
3599
2050
2071
3610
2067
3606
3587
2058
3647
7739
2076
2072
2060
2052
3637
3633
3629
3625
3621
3617
3609
3605
3597
3585
3858
2071
3614
3595
2050
3591
2058
2067
3602
3647
7739
2060
2056
2052
2048
3593
3589
3585
2077
2073
2069
2065
3622
3618
3614
3610
3606
3602
3598
3859
3647
3643
3639
3635
3631
7723
2060
2056
2052
2048
3593
3589
3585
2077
2073
2069
2065
3622
3618
3614
3610
3606
3602
3598
3859
3647
3643
3639
3635
3631
7723
2060
2056
2052
2048
3593
3589
3585
2077
2073
2069
2065
3622
3618
3614
3610
3606
3602
3598
3859
3647
3643
3639
3635
3631
7723
2064
2060
2056
2052
2048
3617
3597
3593
3589
3585
2077
2073
2069
3602
3859
3614
3647
3610
3643
3606
3639
3635
3631
3627
7719
2060
2056
2052
2048
3593
3589
3585
2077
2073
2069
2065
3622
3618
3614
3610
3606
3602
3598
3859
3647
3643
3639
3635
3631
7723
3621
3608
3613
3604
3601
2052
3856
3644
3632
3624
3593
3589
2077
2069
2065
3630
3599
3586
2051
2058
3643
3618
3639
2074
6159
3621
2072
3609
2052
3605
3600
3856
3644
3632
3624
3597
3585
2077
2069
2065
3630
2051
2062
3595
2058
3643
3618
3639
3614
7687
2064
2060
2056
2052
2048
3617
3597
3593
3589
3585
2077
2073
2069
3602
3859
3614
3647
3610
3643
3606
3639
3635
3631
3627
7719
2060
2056
2052
2048
3593
3589
3585
2077
2073
2069
2065
3622
3618
3614
3610
3606
3602
3598
3859
3647
3643
3639
3635
3631
7723
3617
3608
3613
3604
3601
2052
3856
3640
3636
3628
3593
3589
2077
2069
2065
3586
3599
3626
3647
3622
2051
2058
2063
2074
7731
3617
2072
3609
2052
3605
3600
3856
3640
3636
3628
3597
3585
2077
2069
2065
2062
2051
3626
3647
3622
3595
2058
3591
3614
7731
2064
2060
2056
2052
2048
3617
3597
3593
3589
3585
2077
2073
2069
3602
3859
3614
3647
3610
3643
3606
3639
3635
3631
3627
7719
2060
2056
2052
2048
3593
3589
3585
2077
2073
2069
2065
3622
3618
3614
3610
3606
3602
3598
3859
3647
3643
3639
3635
3631
7723
2076
2068
2064
2060
2052
3645
3641
3637
3633
3629
3621
3613
3601
3593
3589
2074
3859
3626
3611
2050
3607
3618
2059
3586
7695
2076
2068
2064
2060
2052
3645
3641
3637
3633
3629
3621
3609
3605
3597
3585
3594
3859
3626
2051
3590
2059
3618
3603
3614
6171
3616
3596
3592
3588
3584
2076
2072
2068
2064
2056
2048
3605
3602
3857
3639
2061
3614
3641
2055
3610
3647
3635
3631
3627
7719
2076
2068
2064
2056
2048
3645
3633
3625
3621
3613
3609
3605
3601
3597
3589
3630
3859
2054
2063
2074
3643
3618
3639
3594
7683
3620
3612
3600
3592
3588
2076
2068
2064
3629
3858
3611
3585
2050
3607
2057
3642
2055
3617
3638
3599
2073
2062
3647
3635
7723
3620
3608
3604
3596
3584
2076
2068
2064
3629
3858
2075
2061
3594
2055
2057
3642
3603
3617
3638
2051
3613
3590
3647
3635
7723
3616
3596
3592
3588
3584
2076
2072
2068
2064
2056
2048
3605
3602
3857
2055
3645
3614
2061
3635
3610
3643
3639
3631
3627
7719
2076
2068
2064
2056
2048
3641
3637
3629
3617
3613
3609
3605
3601
3597
3589
2054
3859
3626
3647
3622
2063
2074
3587
3594
7731
3616
3612
3600
3592
3588
2076
2068
2064
3585
3858
3611
3625
3646
3607
3621
2050
2055
2057
2062
3599
2073
3634
3643
3639
7727
3616
3608
3604
3596
3584
2076
2068
2064
2061
3858
2075
3625
3646
2055
3621
3594
3603
2057
3590
2051
3613
3634
3643
3639
7727
2060
2056
2052
2048
3593
3589
3585
2077
2073
2069
2065
3622
3618
3614
3610
3606
3602
3598
3859
3647
3643
3639
3635
3631
7723
2064
2060
2056
2052
2048
3617
3597
3593
3589
3585
2077
2073
2069
3602
3859
3614
3647
3610
3643
3606
3639
3635
3631
3627
7719
2060
2056
2052
2048
3593
3589
3585
2077
2073
2069
2065
3622
3618
3614
3610
3606
3602
3598
3859
3647
3643
3639
3635
3631
7723
3613
3608
3601
3604
3644
3640
3636
3632
3628
3620
3593
3589
2077
2061
2053
3586
3859
3626
2071
2058
3599
3618
2067
2074
6147
3609
2072
3605
2068
3644
3640
3636
3632
3628
3620
3597
3585
2077
2061
2053
2050
3859
3626
3603
2058
2067
3618
3595
3614
7687
3596
3592
3588
3584
2076
2056
2048
3857
3602
2069
2063
3641
3614
3637
2055
2065
3610
3629
3619
3606
2075
3647
3635
3627
7719
3605
2052
3601
2072
3644
3632
3624
3620
3612
3608
3597
3589
2077
2057
2049
3630
3859
3594
2071
2062
3643
3618
3639
3586
6163
0
0
2052
3644
3632
3624
3620
3612
3600
3592
3588
2076
3609
3630
3859
3605
2074
3587
2061
2070
3643
3597
3618
3639
2057
2066
6147
0
0
3588
3644
3632
3624
3620
3608
3604
3596
3584
2076
2065
3630
3859
2061
2074
2055
3601
2070
3643
2057
3618
3639
3593
3614
6147
3596
3592
3588
3584
2076
2056
2048
3857
3602
3645
3627
2069
3614
2065
3623
3633
3610
2061
2055
3606
2075
3643
3639
3631
7715
3605
2052
3601
2072
3640
3636
3628
3616
3612
3608
3597
3589
2077
2057
2049
3594
3859
3626
3647
3622
2071
2062
2067
3586
7731
0
0
2052
3640
3636
3628
3616
3612
3600
3592
3588
2076
3609
2074
3859
3605
3626
3647
2061
3622
3587
3597
2070
2051
2057
2066
7731
0
0
3588
3640
3636
3628
3616
3608
3604
3596
3584
2076
2065
2074
3859
2061
3626
3647
3601
3622
2055
2057
2070
2051
3593
3614
7731
2060
2056
2052
2048
3593
3589
3585
2077
2073
2069
2065
3622
3618
3614
3610
3606
3602
3598
3859
3647
3643
3639
3635
3631
7723
2060
2056
2052
2048
3593
3589
3585
2077
2073
2069
2065
3622
3618
3614
3610
3606
3602
3598
3859
3647
3643
3639
3635
3631
7723
2060
2056
2052
2048
3593
3589
3585
2077
2073
2069
2065
3622
3618
3614
3610
3606
3602
3598
3859
3647
3643
3639
3635
3631
7723
2060
2056
2052
2048
3593
3589
3585
2077
2073
2069
2065
3622
3618
3614
3610
3606
3602
3598
3859
3647
3643
3639
3635
3631
7723
2060
2056
2052
2048
3593
3589
3585
2077
2073
2069
2065
3622
3618
3614
3610
3606
3602
3598
3859
3647
3643
3639
3635
3631
7723
2060
2056
2052
2048
3593
3589
3585
2077
2073
2069
2065
3622
3618
3614
3610
3606
3602
3598
3859
3647
3643
3639
3635
3631
7723
2060
2056
2052
2048
3593
3589
3585
2077
2073
2069
2065
3622
3618
3614
3610
3606
3602
3598
3859
3647
3643
3639
3635
3631
7723
2060
2056
2052
2048
3593
3589
3585
2077
2073
2069
2065
3622
3618
3614
3610
3606
3602
3598
3859
3647
3643
3639
3635
3631
7723
2060
2056
2052
2048
3593
3589
3585
2077
2073
2069
2065
3622
3618
3614
3610
3606
3602
3598
3859
3647
3643
3639
3635
3631
7723
2060
2056
2052
2048
3593
3589
3585
2077
2073
2069
2065
3622
3618
3614
3610
3606
3602
3598
3859
3647
3643
3639
3635
3631
7723
2060
2056
2052
2048
3593
3589
3585
2077
2073
2069
2065
3622
3618
3614
3610
3606
3602
3598
3859
3647
3643
3639
3635
3631
7723
2060
2056
2052
2048
3593
3589
3585
2077
2073
2069
2065
3622
3618
3614
3610
3606
3602
3598
3859
3647
3643
3639
3635
3631
7723
2060
2056
2052
2048
3593
3589
3585
2077
2073
2069
2065
3622
3618
3614
3610
3606
3602
3598
3859
3647
3643
3639
3635
3631
7723
2060
2056
2052
2048
3593
3589
3585
2077
2073
2069
2065
3622
3618
3614
3610
3606
3602
3598
3859
3647
3643
3639
3635
3631
7723
2060
2056
2052
2048
3593
3589
3585
2077
2073
2069
2065
3622
3618
3614
3610
3606
3602
3598
3859
3647
3643
3639
3635
3631
7723
2060
2056
2052
2048
3593
3589
3585
2077
2073
2069
2065
3622
3618
3614
3610
3606
3602
3598
3859
3647
3643
3639
3635
3631
7723
2060
2056
2052
2048
3593
3589
3585
2077
2073
2069
2065
3622
3618
3614
3610
3606
3602
3598
3859
3647
3643
3639
3635
3631
7723
2060
2056
2052
2048
3593
3589
3585
2077
2073
2069
2065
3622
3618
3614
3610
3606
3602
3598
3859
3647
3643
3639
3635
3631
7723
3592
3588
2072
2060
2052
3645
3641
3637
3633
3629
3625
3621
3617
3613
3601
2066
3859
2050
3611
3586
3607
2078
2071
2058
7695
3596
3584
2072
2060
2052
3645
3641
3637
3633
3629
3625
3621
3617
3609
3605
3594
3859
3590
2059
2050
2071
2078
3603
3614
6163
2060
2056
2052
2048
3593
3589
3585
2077
2073
2069
2065
3622
3618
3614
3610
3606
3602
3598
3859
3647
3643
3639
3635
3631
7723
3592
3588
2072
2060
2052
3645
3641
3637
3633
3629
3625
3621
3617
3613
3601
2066
3859
2050
3611
3586
3607
2078
2071
2058
7695
3596
3584
2072
2060
2052
3645
3641
3637
3633
3629
3625
3621
3617
3609
3605
3594
3859
3590
2059
2050
2071
2078
3603
3614
6163
2060
2056
2052
2048
3593
3589
3585
2077
2073
2069
2065
3622
3618
3614
3610
3606
3602
3598
3859
3647
3643
3639
3635
3631
7723
3592
3588
2072
2060
2052
3645
3641
3637
3633
3629
3625
3621
3617
3613
3601
2066
3859
2050
3611
3586
3607
2078
2071
2058
7695
3596
3584
2072
2060
2052
3645
3641
3637
3633
3629
3625
3621
3617
3609
3605
3594
3859
3590
2059
2050
2071
2078
3603
3614
6163
2060
2056
2052
2048
3593
3589
3585
2077
2073
2069
2065
3622
3618
3614
3610
3606
3602
3598
3859
3647
3643
3639
3635
3631
7723
3592
3588
2072
2060
2052
3645
3641
3637
3633
3629
3625
3621
3617
3613
3601
2066
3859
2050
3611
3586
3607
2078
2071
2058
7695
3596
3584
2072
2060
2052
3645
3641
3637
3633
3629
3625
3621
3617
3609
3605
3594
3859
3590
2059
2050
2071
2078
3603
3614
6163
2060
2056
2052
2048
3593
3589
3585
2077
2073
2069
2065
3622
3618
3614
3610
3606
3602
3598
3859
3647
3643
3639
3635
3631
7723
2060
2056
2052
2048
3593
3589
3585
2077
2073
2069
2065
3622
3618
3614
3610
3606
3602
3598
3859
3647
3643
3639
3635
3631
7723
2060
2056
2052
2048
3593
3589
3585
2077
2073
2069
2065
3622
3618
3614
3610
3606
3602
3598
3859
3647
3643
3639
3635
3631
7723
2064
2060
2056
2052
2048
3617
3597
3593
3589
3585
2077
2073
2069
3602
3859
3614
3647
3610
3643
3606
3639
3635
3631
3627
7719
2060
2056
2052
2048
3593
3589
3585
2077
2073
2069
2065
3622
3618
3614
3610
3606
3602
3598
3859
3647
3643
3639
3635
3631
7723
3621
3608
3613
3604
3601
2052
3856
3644
3632
3624
3593
3589
2077
2069
2065
3630
3599
3586
2051
2058
3643
3618
3639
2074
6159
3621
2072
3609
2052
3605
3600
3856
3644
3632
3624
3597
3585
2077
2069
2065
3630
2051
2062
3595
2058
3643
3618
3639
3614
7687
2064
2060
2056
2052
2048
3617
3597
3593
3589
3585
2077
2073
2069
3602
3859
3614
3647
3610
3643
3606
3639
3635
3631
3627
7719
2060
2056
2052
2048
3593
3589
3585
2077
2073
2069
2065
3622
3618
3614
3610
3606
3602
3598
3859
3647
3643
3639
3635
3631
7723
3617
3608
3613
3604
3601
2052
3856
3640
3636
3628
3593
3589
2077
2069
2065
3586
3599
3626
3647
3622
2051
2058
2063
2074
7731
3617
2072
3609
2052
3605
3600
3856
3640
3636
3628
3597
3585
2077
2069
2065
2062
2051
3626
3647
3622
3595
2058
3591
3614
7731
2064
2060
2056
2052
2048
3617
3597
3593
3589
3585
2077
2073
2069
3602
3859
3614
3647
3610
3643
3606
3639
3635
3631
3627
7719
2060
2056
2052
2048
3593
3589
3585
2077
2073
2069
2065
3622
3618
3614
3610
3606
3602
3598
3859
3647
3643
3639
3635
3631
7723
3629
3608
3621
3604
3613
2064
3644
3640
3636
3632
3601
3593
3589
2061
2053
2078
3859
3626
3599
2074
2051
3618
2059
2070
7683
3629
2068
3621
2064
3609
3600
3644
3640
3636
3632
3605
3597
3585
2061
2053
2078
3859
3626
2051
2074
3595
3618
3591
3614
6155
3624
3620
3596
3592
3588
3584
2056
2048
3601
3858
2079
3613
2062
2075
3609
3642
3619
3605
3638
2071
2054
2067
3630
3647
7731
3613
2072
3609
2068
3605
2064
3644
3632
3624
3620
3601
3597
3589
2057
2049
3630
3859
2054
2063
3586
3643
3618
3639
2078
7691
0
0
2048
3609
3630
3584
3644
3632
3624
3620
3612
3600
3592
3588
3605
2070
3859
2057
2066
2079
3597
3618
3643
2053
2062
3639
0
0
6171
0
0
3588
2061
3630
2048
3644
3632
3624
3620
3608
3604
3596
3584
2057
2070
3859
3601
2066
2079
2053
3618
3643
3593
3614
3639
0
0
6171
3628
3616
3596
3592
3588
3584
2056
2048
3601
3858
3627
3613
3646
3623
3609
2062
2075
3605
2054
2071
3634
2067
2078
3643
7735
3613
2072
3609
2068
3605
2064
3640
3636
3628
3616
3601
3597
3589
2057
2049
2054
3859
3626
3647
3622
2063
3586
3595
2078
7731
0
0
2048
3609
2070
3584
3640
3636
3628
3616
3612
3600
3592
3588
3605
3626
3859
2057
3622
3647
3597
2066
2079
2053
2062
2075
0
0
7731
0
0
3588
2061
2070
2048
3640
3636
3628
3616
3608
3604
3596
3584
2057
3626
3859
3601
3622
3647
2053
2066
2079
3593
3614
2075
0
0
7731
2060
2056
2052
2048
3593
3589
3585
2077
2073
2069
2065
3622
3618
3614
3610
3606
3602
3598
3859
3647
3643
3639
3635
3631
7723
0
0
0
0
0
0
0
0
0
0
0
0
0
0
0
0
0
0
0
0
0
0
0
0
0
0
0
0
0
0
0
0
0
0
0
0
0
0
0
0
0
0
0
0
0
0
0
0
0
0
0
0
0
0
0
0
0
0
0
0
0
0
0
0
0
0
0
0
0
0
0
0
0
0
0
0
0
0
0
0
0
0
0
0
0
0
0
0
0
0
0
0
0
0
0
0
0
0
0
0
0
0
0
0
0
0
0
0
0
0
0
0
0
0
0
0
0
0
0
0
0
0
0
0
0
0
0
0
0
0
0
0
0
0
0
0
0
0
0
0
0
0
0
0
0
0
0
0
0
0
0
0
0
0
0
0
0
0
0
0
0
0
0
0
0
0
0
0
0
0
0
0
0
0
0
0
0
0
0
0
0
0
0
0
0
0
0
0
0
0
0
0
0
0
0
0
0
0
0
0
0
0
0
0
0
0
0
0
0
0
0
0
0
0
0
0
0
0
0
0
0
0
0
0
0
0
0
0
0
0
0
0
0
0
0
0
0
0
0
0
0
0
0
0
0
0
0
0
0
0
0
0
0
0
0
0
0
0
0
0
0
0
0
0
0
0
0
0
0
0
0
0
0
0
0
0
0
0
0
0
0
0
0
0
0
0
0
0
0
0
0
0
0
0
0
0
0
0
0
0
0
0
0
0
0
0
0
0
0
0
0
0
0
0
0
0
0
0
0
0
0
0
0
0
0
0
0
0
0
0
0
0
0
0
0
0
0
0
0
0
0
0
0
0
0
0
0
0
0
0
0
0
0
0
0
0
0
0
0
0
0
0
0
0
0
0
0
0
0
0
0
0
0
0
0
0
0
0
0
0
0
0
0
0
0
0
0
0
0
0
0
0
0
0
0
0
0
0
0
0
0
0
0
0
0
0
0
0
0
0
0
0
0
0
0
0
0
0
0
0
0
0
0
0
0
0
0
0
0
0
0
0
0
0
0
0
0
0
0
0
0
0
0
0
0
0
0
0
0
0
0
0
0
0
0
0
0
0
0
0
0
0
0
0
0
0
0
0
0
0
0
0
0
0
0
0
0
0
0
0
0
0
0
0
0
0
0
0
0
0
0
0
0
0
0
0
0
0
0
0
0
0
0
0
0
0
0
0
0
0
0
0
0
0
0
0
0
0
0
0
0
0
0
0
0
0
0
0
0
0
0
0
0
0
0
0
0
0
0
0
0
0
0
0
0
0
0
0
0
0
0
0
0
0
0
0
0
0
0
0
0
0
0
0
0
0
0
0
0
0
0
0
0
0
0
0
0
0
0
0
0
0
0
0
0
0
0
0
0
0
0
0
0
0
0
0
0
0
0
0
0
0
0
0
0
0
0
0
0
0
0
0
0
0
0
0
0
0
0
0
0
0
0
0
0
0
0
0
0
0
0
0
0
0
0
0
0
0
0
0
0
0
0
0
0
0
0
0
0
0
0
0
0
0
0
0
0
0
0
0
0
0
0
0
0
0
0
0
0
0
0
0
0
0
0
0
0
0
0
0
0
0
0
0
0
0
0
0
0
0
0
0
0
0
0
0
0
0
0
0
0
0
0
0
0
0
0
0
0
0
0
0
0
0
0
0
0
0
0
0
0
0
0
0
0
0
0
0
0
0
0
0
0
0
0
0
0
0
0
0
0
0
0
0
0
0
0
0
0
0
0
0
0
0
0
0
0
0
0
0
0
0
0
0
0
0
0
0
0
0
0
0
0
0
0
0
0
0
0
0
0
0
0
0
0
0
0
0
0
0
0
0
0
0
0
0
0
0
0
0
0
0
0
0
0
0
0
0
0
0
0
0
0
0
0
0
0
0
0
0
0
0
