int
2111
2092
2049
2088
3602
2052
2085
2056
3588
3584
2132
2128
2124
2120
2116
2112
3841
3598
2107
2065
2103
3889
3594
3873
2099
2083
3606
2079
2075
2071
6159
2107
2056
2103
2052
2049
2092
3590
2088
3604
3600
3596
3592
2132
2128
2124
2120
2116
2112
2108
2065
3586
2099
2083
2079
2061
3842
3889
2075
3873
2071
6182
2107
2056
2103
2052
2049
2092
3590
2088
3604
3600
3596
3592
2132
2128
2124
2120
2116
2112
2108
2065
3586
2099
2083
2079
2061
3842
3889
2075
3873
2071
6182
2119
2056
2115
2052
2049
2092
3590
2088
3604
3600
3596
3592
2132
2128
2124
2120
2065
3586
2111
2107
2061
3842
3889
2103
3873
2086
2099
2083
2079
2075
6167
2119
2056
2115
2052
2049
2092
3590
2088
3604
3600
3596
3592
2132
2128
2124
2120
2065
3586
2111
2107
2061
3842
3889
2103
3873
2086
2099
2083
2079
2075
6167
2124
2120
2116
2112
2108
2104
2100
2096
2080
2076
2072
2068
2060
3601
3606
2059
2049
2086
3889
2095
3873
2066
2053
2091
3842
3599
3595
3591
3587
2135
6227
2124
2120
2116
2112
2108
2104
2100
2096
2080
2076
2072
2068
2060
2049
3598
2059
2085
3594
3889
2095
3873
2066
2053
2091
3842
3607
3603
3591
3587
2135
6227
2124
2120
2116
2112
2108
2104
2100
2096
2080
2076
2072
2068
2060
3605
3602
2059
2049
2086
3889
2095
3873
2066
2053
2091
3842
3599
3595
3591
3587
2135
6227
2124
2120
2116
2112
2108
2104
2100
2096
2080
2076
2072
2068
2060
2049
3594
2059
2085
3598
3889
2095
3873
2066
2053
2091
3842
3607
3603
3591
3587
2135
6227
2119
2056
2115
2052
2049
2092
3590
2088
3604
3600
3596
3592
2132
2128
2124
2120
2065
3586
2111
2107
2061
3842
3889
2103
3873
2086
2099
2083
2079
2075
6167
3587
2135
2064
3601
2131
2088
3842
3597
2084
2127
3888
3593
2092
2054
2100
2069
2056
3588
2049
3874
2123
2119
2115
3606
2111
2107
2099
2083
2079
2075
6159
0
2059
0
2068
2085
2095
3607
3872
3842
2049
3603
2052
3599
3590
2088
2065
3888
3595
2100
3586
2061
2135
2131
2127
2123
2119
2115
2111
2107
2099
2083
2079
6171
0
2059
0
2068
2085
2095
3607
3872
3842
2049
3603
2052
3599
3590
2088
2065
3888
3595
2100
3586
2061
2135
2131
2127
2123
2119
2115
2111
2107
2099
2083
2079
6171
0
2095
3607
3584
2053
3603
3842
2084
2069
3599
2088
2062
3888
2065
2100
3874
2056
3589
3595
2050
2135
2131
2127
2123
2119
2115
2111
2107
2099
2083
2079
6171
0
2095
3607
3584
2053
3603
3842
2084
2069
3599
2088
2062
3888
2065
2100
3874
2056
3589
3595
2050
2135
2131
2127
2123
2119
2115
2111
2107
2099
2083
2079
6171
2131
2127
2064
2053
3888
3842
2100
2089
2056
2070
2092
3596
3592
3588
3584
2132
3601
3874
2123
2085
2119
3606
2049
2115
2111
2107
2099
2083
2079
2075
6159
2131
2127
2064
2069
3888
3842
2100
2089
2056
3598
2092
3604
3600
3588
3584
2132
2085
3874
2123
2049
2119
2054
3593
2115
2111
2107
2099
2083
2079
2075
6159
2131
2127
2064
3601
3888
3842
2100
2089
2056
2070
2092
3596
3592
3588
3584
2132
3605
3874
2123
2085
2119
2054
2049
2115
2111
2107
2099
2083
2079
2075
6159
2131
2127
2064
2069
3888
3842
2100
2089
2056
2054
2092
3604
3600
3588
3584
2132
2085
3874
2123
2049
2119
3594
3597
2115
2111
2107
2099
2083
2079
2075
6159
0
2095
3607
3584
2053
3603
3842
2084
2069
3599
2088
2062
3888
2065
2100
3874
2056
3589
3595
2050
2135
2131
2127
2123
2119
2115
2111
2107
2099
2083
2079
6171
3587
2135
2092
3601
2131
2064
3842
3597
2084
2127
3872
3593
2088
3890
2100
2057
2052
3588
2049
2074
2123
2119
2115
3606
2111
2107
2099
2083
2079
2071
6159
0
2055
0
3888
2085
2091
3607
2056
3842
2049
3603
2072
3599
3590
2092
2065
3872
3595
2100
3586
2061
2135
2131
2127
2123
2119
2115
2111
2107
2099
2083
2079
6167
0
2055
0
3888
2085
2091
3607
2056
3842
2049
3603
2072
3599
3590
2092
2065
3872
3595
2100
3586
2061
2135
2131
2127
2123
2119
2115
2111
2107
2099
2083
2079
6167
0
2091
3607
3584
2073
3603
3842
2084
2049
3599
2092
3890
3872
2065
2100
2062
2052
3589
3595
2058
2135
2131
2127
2123
2119
2115
2111
2107
2099
2083
2079
6167
0
2091
3607
3584
2073
3603
3842
2084
2049
3599
2092
3890
3872
2065
2100
2062
2052
3589
3595
2058
2135
2131
2127
2123
2119
2115
2111
2107
2099
2083
2079
6167
2131
2127
2092
2073
3872
3842
2100
2065
2052
3890
2088
3596
3592
3588
3584
2132
3601
2058
2123
2085
2119
3606
2049
2115
2111
2107
2099
2083
2079
2071
6159
2131
2127
2092
2057
3872
3842
2100
2065
2052
3890
2088
3604
3600
3588
3584
2132
2085
3598
2123
2049
2119
2074
3593
2115
2111
2107
2099
2083
2079
2071
6159
2131
2127
2092
3601
3872
3842
2100
2065
2052
3890
2088
3596
3592
3588
3584
2132
3605
2058
2123
2085
2119
2074
2049
2115
2111
2107
2099
2083
2079
2071
6159
2131
2127
2092
2057
3872
3842
2100
2065
2052
3890
2088
3604
3600
3588
3584
2132
2085
2074
2123
2049
2119
3594
3597
2115
2111
2107
2099
2083
2079
2071
6159
0
2091
3607
3584
2073
3603
3842
2084
2049
3599
2092
3890
3872
2065
2100
2062
2052
3589
3595
2058
2135
2131
2127
2123
2119
2115
2111
2107
2099
2083
2079
6167
0
0
2103
2068
3601
2051
3591
2056
3597
3842
2092
3587
3593
2088
3890
2135
2084
2053
3874
2064
2131
2073
3606
2127
2123
2119
2115
2111
2107
2099
2083
2079
6159
0
0
2091
3872
2085
2095
3607
2056
3603
2049
3842
2052
3599
3595
2065
2072
3590
2135
2131
2068
2061
3586
2100
2127
3889
2123
2119
2115
2111
2107
2099
2083
6175
0
0
2091
3872
2085
2095
3607
2056
3603
2049
3842
2052
3599
3595
2065
2072
3590
2135
2131
2068
2061
3586
2100
2127
3889
2123
2119
2115
2111
2107
2099
2083
6175
0
0
2095
2068
2053
3607
3603
2064
2049
3842
3599
2060
2073
3890
3595
2056
3589
3874
2100
2135
3585
2088
2086
2131
2127
2123
2119
2115
2111
2107
2099
2083
6175
0
0
2095
2068
2053
3607
3603
2064
2049
3842
3599
2060
2073
3890
3595
2056
3589
3874
2100
2135
3585
2088
2086
2131
2127
2123
2119
2115
2111
2107
2099
2083
6175
0
0
3600
3605
2067
2100
3599
2073
2048
3842
3595
2092
2069
3890
2088
3591
2057
2084
3874
3587
2053
2135
2131
2127
2123
2119
2115
2111
2107
2099
2083
2079
6159
0
0
2100
2073
2067
2048
3607
2069
3592
3842
3603
2092
3597
3890
2088
3591
2057
2084
3874
3587
2053
2135
2131
2127
2123
2119
2115
2111
2107
2099
2083
2079
6159
0
0
3604
2073
2067
2100
3599
3601
2048
3842
3595
2092
2069
3890
2088
3591
2057
2084
3874
3587
2053
2135
2131
2127
2123
2119
2115
2111
2107
2099
2083
2079
6159
0
0
2100
2073
2067
2048
3607
2069
3596
3842
3603
2092
2057
3890
2088
3591
3593
2084
3874
3587
2053
2135
2131
2127
2123
2119
2115
2111
2107
2099
2083
2079
6159
0
0
2095
2068
2053
3607
3603
2064
2049
3842
3599
2060
2073
3890
3595
2056
3589
3874
2100
2135
3585
2088
2086
2131
2127
2123
2119
2115
2111
2107
2099
2083
6175
0
0
0
0
0
0
0
0
0
0
0
0
0
0
0
0
0
0
0
0
0
0
0
0
0
0
0
0
0
0
0
0
0
0
0
0
0
0
0
0
0
0
0
0
0
0
0
0
0
0
0
0
0
0
0
0
0
0
0
0
0
0
0
0
0
0
0
0
0
0
0
0
0
0
0
0
0
0
0
0
0
0
0
0
0
0
0
0
0
0
0
0
0
0
0
0
0
0
0
0
0
0
0
0
0
0
0
0
0
0
0
0
0
0
0
0
0
0
0
0
0
0
0
0
0
0
0
0
0
0
0
0
0
0
0
0
0
0
0
0
0
0
0
0
0
0
0
0
0
0
0
0
0
0
0
0
0
0
0
0
0
0
0
0
0
0
0
0
0
0
0
0
0
0
0
0
0
0
0
0
0
0
0
0
0
0
0
0
0
0
0
0
0
0
0
0
0
0
0
0
0
0
0
0
0
0
0
0
0
0
0
0
0
0
0
0
0
0
0
0
0
0
0
0
0
0
0
0
0
0
0
0
0
0
0
0
0
0
0
0
0
0
0
0
0
0
0
0
0
0
0
0
0
0
0
0
0
0
0
0
0
0
0
0
0
0
0
0
0
0
0
0
0
0
0
0
0
0
0
0
0
0
0
0
0
0
0
0
0
0
0
0
0
0
0
0
0
0
0
0
0
0
0
0
0
0
0
0
0
0
0
0
0
0
0
0
0
0
0
0
0
0
0
0
0
0
0
0
0
0
0
0
0
0
0
0
0
0
0
0
0
0
0
0
0
0
0
0
0
0
0
0
0
0
0
0
0
0
0
0
0
0
0
0
0
0
0
0
0
0
0
0
0
0
0
0
0
0
0
0
0
0
0
0
0
0
0
0
0
0
0
0
0
0
0
0
0
0
0
0
0
0
0
0
0
0
0
0
0
0
0
0
0
0
0
0
0
0
0
0
0
0
0
0
0
0
0
0
0
0
0
0
0
0
0
0
0
0
0
0
0
0
0
0
0
0
0
0
0
0
0
0
0
0
0
0
0
0
0
0
0
0
0
0
0
0
0
0
0
0
0
0
0
0
0
0
0
0
0
0
0
0
0
0
0
0
0
0
0
0
0
0
0
0
0
0
0
0
0
0
0
0
0
0
0
0
0
0
0
0
0
0
0
0
0
0
0
0
0
0
0
0
0
0
0
0
0
0
0
0
0
0
0
0
0
0
0
0
0
0
0
0
0
0
0
0
0
0
0
0
0
0
0
0
0
0
0
0
0
0
0
0
0
0
0
0
0
0
0
0
0
0
0
0
0
0
0
0
0
0
0
0
0
0
0
0
0
0
0
0
0
0
0
0
0
0
0
0
0
0
0
0
0
0
0
0
0
0
0
0
0
0
0
0
0
0
0
0
0
0
0
0
0
0
0
0
0
0
0
0
0
0
0
0
0
0
0
0
0
0
0
0
0
0
0
0
0
0
0
0
0
0
0
0
0
0
0
0
0
0
0
0
0
0
0
0
0
0
0
0
0
0
0
0
0
0
0
0
0
0
0
0
0
0
0
0
0
0
0
0
0
0
0
0
0
0
0
0
0
0
0
0
0
0
0
0
0
0
0
0
0
0
0
0
0
0
0
0
0
0
0
0
0
0
0
0
0
0
0
0
0
0
0
0
0
0
0
0
0
0
0
0
0
0
0
0
0
0
0
0
0
0
0
0
0
0
0
0
0
0
0
0
0
0
0
0
0
0
0
0
0
0
0
0
0
0
0
0
0
0
0
0
0
0
0
0
0
0
0
0
0
0
0
0
0
0
0
0
0
0
0
0
0
0
0
0
0
0
0
0
0
0
0
0
0
0
0
0
0
0
0
0
0
0
0
0
0
0
0
0
0
0
0
0
0
0
0
0
0
0
0
0
0
0
0
0
0
0
0
0
0
0
0
0
0
0
0
0
0
0
0
0
0
0
0
0
0
0
0
0
0
0
0
0
0
0
0
0
0
0
0
0
0
0
0
0
0
0
0
0
0
0
0
0
0
0
0
0
0
0
0
0
0
0
0
0
0
0
0
0
0
0
0
0
0
0
0
0
0
0
0
0
0
0
0
0
0
0
0
0
0
0
0
0
0
0
0
0
0
0
0
0
0
0
0
0
0
0
0
0
0
0
0
0
0
0
0
0
0
0
0
0
0
0
0
0
0
0
0
0
0
0
0
0
0
0
0
0
0
0
0
0
0
0
0
0
0
0
0
0
0
0
0
0
0
0
0
0
0
0
0
0
0
0
0
0
0
0
0
0
0
0
0
0
0
0
0
0
0
0
0
0
0
0
0
0
0
0
0
0
0
0
0
0
0
0
0
0
0
0
0
0
0
0
0
0
0
0
0
0
0
0
0
0
0
0
0
0
0
0
0
0
0
0
0
0
0
0
0
0
0
0
0
0
0
0
0
0
0
0
0
0
0
0
0
0
0
0
0
0
0
0
0
0
0
0
0
0
0
0
0
0
0
0
0
0
0
0
0
0
0
0
0
0
0
0
0
0
0
0
0
0
0
0
0
0
0
0
0
0
0
0
0
0
0
0
0
0
0
0
0
0
0
0
0
0
0
0
0
0
0
0
0
0
0
0
0
0
0
0
0
0
0
0
0
0
0
0
0
0
0
0
0
0
0
0
0
0
0
0
0
0
0
0
0
0
0
0
0
0
0
0
0
0
0
0
0
0
0
0
0
0
0
0
0
0
0
0
0
0
0
0
0
0
0
0
0
0
0
0
0
0
0
0
0
0
0
0
0
0
0
0
0
0
0
0
0
0
0
0
0
0
0
0
0
0
0
0
0
0
0
0
0
0
0
0
0
0
0
0
0
0
0
0
0
0
0
0
0
0
0
0
0
0
0
0
0
0
0
0
0
0
0
0
0
0
0
0
0
0
0
0
0
0
0
0
0
0
0
0
0
0
0
0
0
0
0
0
0
0
0
0
0
0
0
0
0
0
0
0
0
0
0
0
0
0
0
0
0
0
0
0
0
0
0
0
0
0
0
0
0
0
0
0
0
0
0
0
0
0
0
0
0
0
0
0
0
0
0
0
0
0
0
0
0
0
0
0
0
0
0
0
0
0
0
0
0
0
0
0
0
0
0
0
0
0
0
0
0
0
0
0
0
0
0
0
0
0
0
0
0
0
0
0
0
0
0
0
0
0
0
0
0
0
0
0
0
0
0
0
0
0
0
0
0
0
0
0
0
0
0
0
0
0
0
0
0
0
0
0
0
0
0
0
0
0
0
0
0
0
0
0
0
0
0
0
0
0
0
0
0
0
0
0
0
0
0
0
0
0
0
0
0
0
0
0
0
0
0
0
0
0
0
0
0
0
0
0
0
0
0
0
0
0
0
0
0
0
0
0
0
0
0
0
0
0
0
0
0
0
0
0
0
0
0
0
0
0
0
0
0
0
0
0
0
0
0
0
0
0
0
0
0
0
0
0
0
0
0
0
0
0
0
0
0
0
0
0
0
0
0
0
0
0
0
0
0
0
0
0
0
0
0
0
0
0
0
0
0
0
0
0
0
0
0
0
0
0
0
0
0
0
0
0
0
0
0
0
0
0
0
0
0
0
0
0
0
0
0
0
0
0
0
0
0
0
0
0
0
0
0
0
0
0
0
0
0
0
0
0
0
0
0
0
0
0
0
0
0
0
0
0
0
0
0
0
0
0
0
0
0
0
0
0
0
0
0
0
0
0
0
0
0
0
0
0
0
0
0
0
0
0
0
0
0
0
0
0
0
0
0
0
0
0
0
0
0
0
0
0
0
0
0
0
0
0
0
0
0
0
0
0
0
0
0
0
0
0
0
0
0
0
0
0
0
0
0
0
0
0
0
0
0
0
0
0
0
0
0
0
0
0
0
0
0
0
0
0
0
0
0
0
0
0
0
0
0
0
0
0
0
0
0
0
0
0
0
0
0
0
0
0
0
0
0
0
0
0
0
0
0
0
0
0
0
0
0
0
0
0
0
0
0
0
0
0
0
0
0
0
0
0
0
0
0
0
0
0
0
0
0
0
0
0
0
0
0
0
0
0
0
0
0
0
0
0
0
0
0
0
0
0
0
0
0
0
0
0
0
0
0
0
0
0
0
0
0
0
0
0
0
0
0
0
0
0
0
0
0
0
0
0
0
0
0
0
0
0
0
0
0
0
0
0
0
0
0
0
0
0
0
0
0
0
0
0
0
0
0
0
0
0
0
0
0
0
0
0
0
0
0
0
0
0
0
0
0
0
0
0
0
0
0
0
0
0
0
0
0
0
0
0
0
0
0
0
0
0
0
0
0
0
0
0
0
0
0
0
0
0
0
0
0
0
0
0
0
0
0
0
0
0
0
0
0
0
0
0
0
0
0
0
0
0
0
0
0
0
0
0
0
0
0
0
0
0
0
0
0
0
0
0
0
0
0
0
0
0
0
0
0
0
0
0
0
0
0
0
0
0
0
0
0
0
0
0
0
0
0
0
0
0
0
0
0
0
0
0
0
0
0
0
0
0
0
0
0
0
0
0
0
0
0
0
0
0
0
0
0
0
0
0
0
0
0
0
0
0
0
0
0
0
0
0
0
0
0
0
0
0
0
0
0
0
0
0
0
0
0
0
0
0
0
0
0
0
0
0
0
0
0
0
0
0
0
0
0
0
0
0
0
0
0
0
0
0
0
0
0
0
0
0
0
0
0
0
0
0
0
0
0
0
0
0
0
0
0
0
0
0
0
0
0
0
0
0
0
0
0
0
0
0
0
0
0
0
0
0
0
0
0
0
0
0
0
0
0
0
0
0
0
0
0
0
0
0
0
0
0
0
0
0
0
0
0
0
0
0
0
0
0
0
0
0
0
0
0
0
0
0
0
0
0
0
0
0
0
0
0
0
0
0
0
0
0
0
0
0
0
0
0
0
0
0
0
0
0
0
0
0
0
0
0
0
0
0
0
0
0
0
0
0
0
0
0
0
0
0
0
0
0
0
0
0
0
0
0
0
0
0
0
0
0
0
0
0
0
0
0
0
0
0
0
0
0
0
0
0
0
0
0
0
0
0
0
0
0
0
0
0
0
0
0
0
0
0
0
0
0
0
0
0
0
0
0
0
0
0
0
0
0
0
0
0
0
0
0
0
0
0
0
0
0
0
0
0
0
0
0
0
0
0
0
0
0
0
0
0
0
0
0
0
0
0
0
0
0
0
0
0
0
0
0
0
0
0
0
0
0
0
0
0
0
0
0
0
0
0
0
0
0
0
0
0
0
0
0
0
0
0
0
0
0
0
0
0
0
0
0
0
0
0
0
0
0
0
0
0
0
0
0
0
0
0
0
0
0
0
0
0
0
0
0
0
0
0
0
0
0
0
0
0
0
0
0
0
0
0
0
0
0
0
0
0
0
0
0
0
0
0
0
0
0
0
0
0
0
0
0
0
0
0
0
0
0
0
0
0
0
0
0
0
0
0
0
0
0
0
0
0
0
0
0
0
0
0
0
0
0
0
0
0
0
0
0
0
0
0
0
0
0
0
0
0
0
0
0
0
0
0
0
0
0
0
0
0
0
0
0
0
0
0
0
0
0
0
0
0
0
0
0
0
0
0
0
0
0
0
0
0
0
0
0
0
0
0
0
0
0
0
0
0
0
0
0
0
0
0
0
0
0
0
0
0
0
0
0
0
0
0
0
0
0
0
0
0
0
0
0
0
0
0
0
0
0
0
0
0
0
0
0
0
0
0
0
0
0
0
0
0
0
0
0
0
0
0
0
0
0
0
0
0
0
0
0
0
0
0
0
0
0
0
0
0
0
0
0
0
0
0
0
0
0
0
0
0
0
0
0
0
0
0
0
0
0
0
0
0
0
0
0
0
0
0
0
0
0
0
0
0
0
0
0
0
0
0
0
0
0
0
0
0
0
0
0
0
0
0
0
0
0
0
0
0
0
0
0
0
0
0
0
0
0
0
0
0
0
0
0
0
0
0
0
0
0
0
0
0
0
0
0
0
0
0
0
0
0
0
0
0
0
0
0
0
0
0
0
0
0
0
0
0
0
0
0
0
0
0
0
0
0
0
0
0
0
0
0
0
0
0
0
0
0
0
0
0
0
0
0
0
0
0
0
0
0
0
0
0
0
0
0
0
0
0
0
0
0
0
0
0
0
0
0
0
0
0
0
0
0
0
0
0
0
0
0
0
0
0
0
0
0
0
0
0
0
0
0
0
0
0
0
0
0
0
0
0
0
0
0
0
0
0
0
0
0
0
0
0
0
0
0
0
0
0
0
0
0
0
0
0
0
0
0
0
0
0
0
0
0
0
0
0
0
0
0
0
0
0
0
0
0
0
0
0
0
0
0
0
0
0
0
0
