int
7302
7238
4152
7194
7305
4144
4106
4136
7688
7680
7177
4098
7243
7324
7261
7174
4166
7187
7316
7253
4134
4126
12310
7259
4138
4097
7240
7690
4153
7682
7312
7322
7298
7235
7195
7171
4163
4131
4148
7181
7310
7188
4109
4127
7254
12311
7296
7240
7176
4160
4128
4120
4097
7322
4107
4153
7308
7689
7314
4137
7259
7172
7197
7251
4116
7189
7236
7684
12341
7242
7194
4122
0
7688
7321
7307
7236
7261
4128
7182
7313
4139
4108
4096
7253
7174
4159
7188
0
4117
4166
4151
7687
15495
0
0
0
0
7176
7689
7234
7307
7324
7168
4145
7194
7261
4139
4104
4129
4114
7316
7253
4158
7686
7302
7246
4101
7190
4166
12318
7232
7192
7168
4160
4128
4120
4112
4105
7242
7179
4097
4154
7308
7249
4146
7187
7325
7316
4141
7693
7685
7301
15453
7258
7178
4122
0
7688
7321
7307
7236
4117
4128
4110
7313
4139
7196
4096
7253
7174
4159
7188
0
7245
4166
4151
7687
15495
7296
7256
7192
4160
4128
4120
7241
7306
4107
4153
7324
7689
7314
4137
4099
7172
4149
7251
4116
7189
7236
7684
15373
7258
7186
4122
0
7688
7321
7307
7236
4117
4128
7182
7313
4139
7196
4096
7253
7174
4159
4108
0
7245
4166
4151
7687
15495
0
0
0
0
4112
4145
7234
7315
4140
7168
7321
7194
7261
7307
4104
4129
7186
7692
4101
4158
7686
7302
7254
7245
7182
4166
12318
7250
7194
4122
0
7688
7321
7307
7236
7261
4128
7182
7313
4139
4108
4096
4117
7174
4159
7188
0
7245
4166
4151
7687
15495
7693
4120
4097
7296
7314
7240
4153
4136
7169
4128
7681
4146
7195
7260
4106
7187
7309
7237
7323
7252
7181
4165
12309
7690
7306
7234
7194
4114
4128
7249
7683
4108
7173
4126
7256
7241
7323
7188
4165
7302
4143
7315
7180
4157
4102
12343
7311
7239
7191
4167
7168
4137
7682
4147
7196
4104
7688
4153
7322
7299
4100
7253
4134
7314
4123
7180
4119
7245
15454
7310
7246
4112
7313
7234
4152
4145
7176
4098
4128
7297
4122
7195
7692
7261
7174
7684
7187
7253
7324
4166
4109
12334
7310
7246
4112
4105
7194
4152
7297
7186
4144
7257
4122
7171
7684
7253
7691
7324
4101
7182
7316
7237
4166
4142
12326
0
0
0
0
0
0
4152
7257
7178
7691
7316
7237
4134
4144
7249
7170
7683
4124
4109
7310
4096
4113
4162
7323
7300
7189
7246
7198
12334
7308
7244
7188
4164
4140
0
4152
7313
7690
7259
7181
7238
0
4144
4129
7682
7251
7173
7198
0
4096
7297
7322
4123
4109
12310
0
0
0
0
0
4152
4105
7178
7691
7316
7237
4144
7249
4098
7683
4116
7197
4136
7241
4162
7323
7300
7189
4134
0
0
0
0
0
4126
7310
7262
15366
0
0
0
0
0
7241
7296
7186
4155
7692
4117
7233
7174
4120
4098
4147
7324
7193
4109
7686
4162
4139
7316
4135
7253
7311
7263
15375
7310
7262
7198
4134
0
4152
7681
7250
7187
4100
7173
4144
7321
7242
7179
7300
7695
4136
7313
4106
4163
4124
7237
12311
0
0
0
0
0
0
4152
4105
7178
7691
7316
7237
4134
4144
7249
7170
7683
4116
7197
4126
4136
7241
4162
7323
7300
4101
7310
7262
15382
0
0
0
0
0
4152
7257
7178
7691
7316
7237
4144
4113
4106
7683
4124
7197
4136
7241
4098
7323
7300
7189
4134
7310
7254
7174
12358
7310
7254
7182
4166
0
4152
7689
7242
7187
4132
7301
4144
7321
7234
4107
7260
7175
4136
7313
7194
4099
4116
4125
15879
0
0
0
0
0
0
4152
7257
7178
7691
7316
7237
4134
4144
4105
7170
7683
4116
4101
4126
4136
7241
4162
7323
7300
7189
7310
7254
15390
7190
4166
4134
0
0
4136
4097
7690
4123
7684
7173
7296
7241
4159
4114
7179
7324
7256
7193
7237
4151
4107
7316
7311
15447
7232
7192
7168
4160
4128
4120
4112
7313
4098
7179
7305
4154
7244
4105
4146
7187
7261
7252
4141
7693
7685
7325
15493
7690
7322
7234
7178
4114
4128
7249
7683
7196
7173
7310
7256
7241
4123
7188
4165
7302
4143
7315
4108
4157
4102
12343
7693
4120
4097
7296
7314
7256
4153
4136
7169
4128
7681
7306
4147
7244
4106
7187
7325
7237
7179
7252
7197
4165
12309
7690
7322
7234
7186
4114
4128
7249
7683
7196
7173
7310
7256
7241
4123
4108
4165
7302
4143
7315
7180
4157
4102
12343
0
0
0
0
0
4152
7257
7178
7691
7316
7237
4144
7249
4098
7683
7308
7197
4136
4105
4162
4115
7300
7189
4134
0
0
0
0
0
4126
7326
7246
15366
7326
7246
7182
4134
0
4152
7681
7250
7187
7308
7173
4144
4097
4122
4107
7300
7695
4136
7313
7194
4163
7260
7237
12311
0
0
0
0
0
4105
7296
7186
4155
7692
7309
7233
7174
4120
7178
4147
4116
4097
7261
7686
4162
4139
7316
4135
7253
7327
7247
15391
0
0
0
0
0
0
4152
7257
7178
7691
7316
7237
4134
4144
7249
7170
7683
7308
7197
4126
4136
4105
4162
4115
7300
4101
7326
7246
15382
7326
7262
4112
7313
7234
4152
7305
7192
4098
4128
7297
4122
7179
7692
4109
7174
7684
7187
7253
4148
4166
7245
12334
0
0
0
0
0
0
4152
4113
4106
7691
7316
7237
4134
4144
7249
7170
7683
7308
7197
7326
4096
7241
4162
4123
7300
7189
7262
7182
12334
7326
7262
4112
7305
4122
4152
7297
7186
4144
4097
7178
7171
7684
7253
7691
4108
7245
7198
7316
7237
4166
4142
12326
0
0
0
0
0
0
4152
4113
7178
7691
7316
7237
4134
4144
7249
7170
7683
7308
7197
7326
4096
7241
4162
4123
7300
4109
7262
7190
12334
0
0
0
0
0
4152
7257
7178
7691
7316
7237
4144
4105
4098
7683
7308
7197
4136
7241
4162
4115
7300
7189
4134
0
0
0
0
0
4126
7326
7254
15366
0
0
0
0
0
0
4152
7257
4098
7691
7316
7237
4134
4144
4105
7170
7683
7308
7197
4126
4136
7241
4162
4115
7300
7189
7326
7254
15374
0
0
0
0
0
7241
7296
7186
4155
7692
7309
7233
7174
4120
7178
4147
4116
4097
7261
7686
4162
4139
7316
4135
4109
7327
7255
15391
7326
7254
7190
4134
0
4152
7681
4122
4107
7308
7173
4144
4097
7242
7179
7300
7695
4136
7313
7194
4163
7260
7237
12311
0
0
0
0
7184
4153
7258
7243
4132
4096
7681
4122
4149
4139
7168
7321
7194
7252
7309
4110
7694
7318
7238
7301
7182
4166
12310
7690
7314
7234
7194
4114
4128
7249
7683
4108
7173
7310
7256
7241
7323
7188
4165
7302
4143
4123
7180
4157
4102
12343
0
0
0
0
7198
4152
7257
7178
7691
4132
7237
4144
7249
4106
7683
7308
4117
4136
4121
4098
7323
7300
7189
7318
7246
7174
12358
7182
4166
4134
0
0
7304
7249
7690
7187
7684
7173
7296
4097
4159
4114
4123
7324
7256
7193
7237
4151
4107
4140
7319
15439
0
0
0
0
0
4166
4152
7257
7178
7691
4132
7237
7174
4144
7249
4106
7683
7308
4117
7318
4136
4121
4098
7323
7300
7189
7246
15390
7318
7246
7190
4166
0
4152
7689
4114
4107
7308
7301
4144
7321
7234
7179
7260
7175
4136
4129
7194
4099
7252
4125
15879
0
0
0
0
0
4152
4105
7178
7691
4116
7237
4144
7249
4098
7683
7308
7197
4136
7241
4162
7323
7300
7189
4134
0
0
0
0
0
4126
7318
7262
15366
0
0
0
0
0
0
4152
4105
4098
7691
4116
7237
4134
4144
7249
7170
7683
7308
7197
4126
4136
7241
4162
7323
7300
7189
7318
7262
15374
7318
7262
7198
4134
0
4152
7681
7250
7187
7308
7173
4144
7321
7242
7179
7300
7695
4136
4097
4106
4163
4124
7237
12311
0
0
0
0
0
7241
7296
4098
4155
7692
7309
7233
7174
4120
7178
4147
7324
7193
4109
7686
4162
4139
4116
4135
7253
7319
7263
15383
7316
7252
7180
4164
4140
0
4152
4129
7690
7259
4117
7238
0
4144
7305
7682
4123
7173
7198
0
4096
7297
7322
7243
4109
15382
0
0
0
0
0
0
4152
7257
7178
7691
4124
7237
4134
4144
4113
7170
7683
7308
4109
7318
4096
7241
4162
7323
7300
7189
7254
7198
12334
7249
7241
7193
7168
7185
7234
7179
4163
4122
4155
4147
4140
4132
4108
4100
4117
7694
7327
7301
7686
7319
7311
15455
0
0
0
0
0
0
0
0
0
0
0
0
0
0
0
0
0
0
0
0
0
0
0
0
0
0
0
0
0
0
0
0
0
0
0
0
0
0
0
0
0
0
0
0
0
0
0
0
0
0
0
0
0
0
0
0
0
0
0
0
0
0
0
0
0
0
0
0
0
0
0
0
0
0
0
0
0
0
0
0
0
0
0
0
0
0
0
0
0
0
0
0
0
0
0
0
0
0
0
0
0
0
0
0
0
0
0
0
0
0
0
0
0
0
0
0
0
0
0
0
0
0
0
0
0
0
0
0
0
0
0
0
0
0
0
0
0
0
0
0
0
0
0
0
0
0
0
0
0
0
0
0
0
0
0
0
0
0
0
0
0
0
0
0
0
0
0
0
0
0
0
0
0
0
0
0
0
0
0
0
0
0
0
0
0
0
0
0
0
0
0
0
0
0
0
0
0
0
0
0
0
0
0
0
0
0
0
0
0
0
0
0
0
0
0
0
0
0
0
0
0
0
0
0
0
0
0
0
0
0
0
0
0
0
0
0
0
0
0
0
0
0
0
0
0
0
0
0
0
0
0
0
0
0
0
0
0
0
0
0
0
0
0
0
0
0
0
0
0
0
0
0
0
0
0
0
0
0
0
0
0
0
0
0
0
0
0
0
0
0
0
0
0
0
0
0
0
0
0
0
0
0
0
0
0
0
0
0
0
0
0
0
0
0
0
0
0
0
0
0
0
0
0
0
0
0
0
0
0
0
0
0
0
0
0
0
0
0
0
0
0
0
0
0
0
0
0
0
0
0
0
0
0
0
0
0
0
0
0
0
0
0
0
0
0
0
0
0
0
0
0
0
0
0
0
0
0
0
0
0
0
0
0
0
0
0
0
0
0
0
0
0
0
0
0
0
0
0
0
0
0
0
0
0
0
0
0
0
0
0
0
0
0
0
0
0
0
0
0
0
0
0
0
0
0
0
0
0
0
0
0
0
0
0
0
0
0
0
0
0
0
0
0
0
0
0
0
0
0
0
0
0
0
0
0
0
0
0
0
0
0
0
0
0
0
0
0
0
0
0
0
0
0
0
0
0
0
0
0
0
0
0
0
0
0
0
0
0
0
0
0
0
0
0
0
0
0
0
0
0
0
0
0
0
0
0
0
0
0
0
0
0
0
0
0
0
0
0
0
0
0
0
0
0
0
0
0
0
0
0
0
0
0
0
0
0
0
0
0
0
0
0
0
0
0
0
0
0
0
0
0
0
0
0
0
0
0
0
0
0
0
0
0
0
0
0
0
0
0
0
0
0
0
0
0
0
0
0
0
0
0
0
0
0
0
0
0
0
0
0
0
0
0
0
0
0
0
0
0
0
0
0
0
0
0
0
0
0
0
0
0
0
0
0
0
0
0
0
0
